0 113338.906250
1 113258.406250
2 113177.062500
3 113083.304688
4 112972.171875
5 112839.203125
6 112679.195312
7 112487.625000
8 112259.515625
9 111989.445312
10 111671.453125
11 111299.171875
12 110865.562500
13 110362.835938
14 109782.000000
15 109114.039062
16 108348.921875
17 107475.765625
18 106483.304688
19 105359.500000
20 104091.367188
21 102665.976562
22 101065.843750
23 99277.890625
24 97284.484375
25 95068.062500
26 92610.234375
27 89891.773438
28 86892.140625
29 83611.242188
30 80033.578125
31 76113.890625
32 71828.046875
33 67150.937500
34 62499.773438
35 58760.476562
36 58001.546875
37 57560.773438
38 55974.746094
39 53367.867188
40 49988.609375
41 45863.851562
42 41122.859375
43 36045.996094
44 30815.691406
45 27113.933594
46 23932.960938
47 21413.558594
48 24050.957031
49 27254.496094
50 29157.076172
51 29818.177734
52 29410.306641
53 28187.095703
54 26390.068359
55 24488.593750
56 23125.734375
57 21391.734375
58 20358.535156
59 20984.683594
60 21535.642578
61 22168.544922
62 22816.476562
63 23065.925781
64 22842.287109
65 22177.847656
66 21131.429688
67 19930.150391
68 19014.017578
69 19088.521484
70 20210.742188
71 20829.115234
72 20605.761719
73 19815.375000
74 19156.265625
75 18928.992188
76 19166.175781
77 19464.460938
78 19586.394531
79 19486.466797
80 19309.996094
