0 4251016.000000
1 4249859.000000
2 4248804.000000
3 4247460.000000
4 4245651.500000
5 4243286.500000
6 4240175.500000
7 4236183.000000
8 4231162.500000
9 4224959.000000
10 4217401.500000
11 4208304.000000
12 4197465.000000
13 4184662.250000
14 4169651.000000
15 4152184.750000
16 4131998.000000
17 4108782.500000
18 4082239.000000
19 4052035.500000
20 4017804.250000
21 3979216.000000
22 3935829.000000
23 3887218.000000
24 3832959.500000
25 3772574.500000
26 3705608.500000
27 3631590.000000
28 3550012.500000
29 3460331.000000
30 3362135.500000
31 3254733.500000
32 3137777.500000
33 3010583.000000
34 2872560.500000
35 2723385.500000
36 2562888.000000
37 2390662.000000
38 2207167.250000
39 2018520.750000
40 1830273.250000
41 1656148.000000
42 1564886.000000
43 1504961.000000
44 1406746.750000
45 1275946.250000
46 1117395.750000
47 936844.625000
48 906684.875000
49 981067.625000
50 1015547.625000
51 1063407.625000
52 1100082.000000
53 1107156.750000
54 1084674.750000
55 1036332.062500
56 966105.375000
57 879001.187500
58 782036.875000
59 785377.875000
60 826584.937500
61 847698.125000
62 863099.000000
63 886125.250000
64 883167.750000
65 852933.812500
66 798614.250000
67 727233.000000
68 689235.250000
69 737449.562500
70 766274.375000
71 771467.187500
72 754621.937500
73 719002.375000
74 674047.750000
75 699917.437500
76 725968.000000
77 727909.312500
78 703867.500000
79 668072.437500
80 698240.062500
81 720875.187500
82 722546.125000
83 704955.750000
84 672947.937500
85 687378.562500
86 711755.062500
87 711290.625000
88 696829.375000
89 675202.187500
90 684471.125000
91 700161.625000
92 699215.000000
93 689239.062500
94 664982.250000
95 686347.375000
96 704820.500000
97 706504.500000
98 691574.312500
99 666422.250000
100 683395.937500
101 699175.937500
102 702131.687500
103 691051.937500
104 666657.125000
105 680044.750000
106 697296.375000
107 698063.562500
108 687061.625000
109 664281.750000
110 680358.562500
111 696899.125000
112 696823.187500
113 684118.125000
114 661332.437500
115 683009.937500
116 699130.312500
117 699394.125000
118 686781.375000
119 663666.812500
120 679649.375000
121 696353.562500
122 698015.750000
123 686353.437500
124 663789.312500
125 678202.500000
126 694794.750000
127 696504.125000
128 684772.062500
129 662365.625000
130 677851.312500
131 693665.500000
132 694423.375000
133 682325.937500
134 659823.562500
135 679866.625000
136 696038.312500
137 697341.750000
138 685565.625000
139 662811.125000
140 675968.187500
141 692346.437500
142 694192.437500
143 682905.875000
144 660831.812500
145 676655.187500
146 692724.937500
147 694247.625000
148 682739.687500
149 660630.250000
